gyro columns on moving samples: std (deg/s), axis correlations, share of samples identical to the previous one
driver drive  ses   sd_x   sd_y   sd_z   r_xy   r_xz   r_yz  repeat_x  repeat_y  repeat_z  acc_repeat  g_norm
     A    S1    0  6.687  6.432  3.243 -0.004  0.070 -0.469     0.001     0.001     0.001       0.000   9.973
     A    S2    1 10.750  7.356  3.935 -0.048  0.017 -0.471     0.001     0.001     0.001       0.000  10.018
     A   S3a    0  2.031  6.144  2.212 -0.025 -0.138  0.132     0.004     0.003     0.003       0.001   9.924
     A   S3b    1  3.720  4.035  1.469  0.034 -0.123  0.102     0.003     0.003     0.003       0.001   9.899
     A   S3c    0  1.756  6.033  1.345  0.054 -0.048  0.190     0.006     0.005     0.005       0.002   9.928
     A    S4    0  6.359  6.256  3.300 -0.007  0.066 -0.373     0.001     0.001     0.001       0.000   9.976
     A    S4    1  7.261  6.842  3.238 -0.048  0.037 -0.393     0.001     0.001     0.001       0.000   9.971
     B     M    0  8.937 13.234  7.107  0.033 -0.208 -0.474     0.001     0.001     0.001       0.000  10.080
     B     M    1  1.897 11.320  2.419  0.463 -0.075 -0.494     0.002     0.001     0.002       0.000  10.122
     B     M    2  1.981  6.783  2.180  0.308  0.117 -0.175     0.002     0.001     0.001       0.000   9.969
     D    Y1    3  7.611  9.382  7.350 -0.081 -0.134 -0.292     0.009     0.009     0.007       0.000   9.945
     E Vfa01    0  5.743 16.099 10.717 -0.398  0.192 -0.884     0.001     0.000     0.000       0.000  10.266
     E Vfa02    0  4.696 13.939  9.183 -0.351  0.176 -0.910     0.001     0.001     0.001       0.000  10.151
     E Vta16    0  4.665 17.040 10.310 -0.367  0.223 -0.871     0.001     0.001     0.001       0.001  10.256
     E Vta17    1  5.136 20.992 12.853 -0.414  0.312 -0.909     0.005     0.004     0.004       0.004  10.398
     E Vta1a    0  5.812 19.892 12.295 -0.380  0.184 -0.875     0.031     0.030     0.030       0.000  10.374
     E  Vta2    0  5.151 18.867 11.621 -0.361  0.214 -0.883     0.001     0.001     0.001       0.000  10.326
     E Vta28    0  6.575 24.348 14.327 -0.376  0.220 -0.895     0.000     0.001     0.001       0.000  10.563
     E Vta29    0  6.566 24.802 13.275 -0.369  0.203 -0.875     0.001     0.001     0.001       0.001  10.556
     E Vta30    0  4.979 18.078  9.888 -0.313  0.107 -0.866     0.001     0.001     0.001       0.000  10.267
     E  Vta8    0  4.471 18.357 11.330 -0.406  0.232 -0.882     0.002     0.001     0.000       0.000  10.284
     E  Vtb2    0  5.907 22.645 12.282 -0.417  0.283 -0.877     0.001     0.001     0.000       0.000  10.441
     E  Vtb3    0  8.870 29.250 16.534 -0.398  0.225 -0.879     0.002     0.001     0.001       0.000  10.834
     E  Vtb5    0  5.136 14.898  8.543 -0.292  0.015 -0.852     0.001     0.000     0.001       0.000  10.150
     E  Vw11    0  8.725 18.232 12.242  0.096 -0.206 -0.802     0.001     0.000     0.000       0.000  10.359
     E   Vw2    0  7.270 15.795 11.222  0.178 -0.297 -0.834     0.001     0.000     0.001       0.000  10.206
     E   Vw3    0  8.805 20.636 13.664  0.159 -0.296 -0.834     0.001     0.000     0.001       0.000  10.438
     E   Vw4    0  8.842 20.074 13.630  0.187 -0.319 -0.853     0.001     0.000     0.000       0.000  10.399
